Receiving duration [ns]
8046507518
24097
275322
302988
15618
205711
183399
208388
120035
122266
135653
148593
179383
171351
154395
145469
140115
134760
132976
183400
166442
2599270
68719
14280
159303
147255
207942
157518
159303
165103
152610
139223
173582
179830
373938
307896
232931
137437
166443
130298
123605
177598
207942
138331
165996
25435
12495
11156
9371
8478
8924
9817
9370
19634
8924
8924
8479
11601
9817
12494
9817
46853
124051
186077
112895
132975
128960
153056
128959
123159
120927
269967
203479
117358
119143
117804
128959
144131
132529
133422
172690
135206
2590346
290493
291386
135653
148147
128067
145024
377954
128067
120481
118696
116019
117804
116465
107987
124051
125390
115126
100847
112003
251671
139223
127175
133868
118696
146809
196786
19188
11601
12048
11602
10709
10710
11156
16064
12494
13833
11156
10263
9817
11602
10263
9817
22311
32128
17849
13387
10263
9817
9371
9817
10709
9817
12048
14725
113341
114680
112450
115127
111110
110218
112896
109326
115126
111111
149932
134761
151270
308789
3044157
108433
124497
118697
126729
121374
117357
145916
136545
123605
135653
127621
106202
112003
119589
115127
118250
113341
114234
135653
866572
128959
123158
116019
113788
191431
116019
112895
168673
16956
11602
20972
18741
20526
13833
12048
12048
10709
9371
11156
10709
10710
11156
9817
11156
9817
11155
10263
10263
10263
10709
9817
70503
127621
99954
122266
178937
176259
138331
147701
76305
137438
13387
9371
149040
35698
31682
36591
84783
2366786
100401
112003
112003
94154
98616
103078
98616
106648
139668
142792
127621
140115
151271
134314
126729
142346
138330
165996
161980
133868
123604
124051
147701
138776
130299
131637
119589
124051
121820
121373
142793
120927
111557
207495
8324803
20973
120035
157964
119589
91477
117804
124497
182506
116465
87906
116911
123158
110664
151271
106202
125390
123605
121373
152163
125836
123605
124051
123605
122713
133868
125835
138776
140561
31236
95492
128514
123605
120927
117803
117803
115573
95939
171351
146362
141453
145024
140561
182953
138776
114680
121374
171351
185631
164211
331100
7722843
46407
110218
113342
109772
111556
110664
113341
110218
103525
112002
109325
163765
109325
52655
119142
12494
133868
126728
123159
120481
120481
124051
118250
129406
116465
122266
124051
117358
122712
123158
232038
128959
124051
119588
126729
131637
32128
12494
29897
185184
796514
54885
104863
114234
113788
109772
113341
112003
111557
115572
112895
113341
109325
120482
129852
153948
125390
121373
120481
117358
144578
125389
107540
121374
122266
115127
116911
117804
119142
117804
119588
112003
116465
116465
103971
194108
160642
141454
134760
970097
105309
113341
112895
107540
110217
110664
109326
111110
108433
107094
143685
120928
126729
147701
91030
95046
87014
112003
113342
112895
114681
111557
112895
111557
112449
111556
110665
111110
111557
112449
112895
111556
111111
111110
171797
127620
144131
121374
125836
128067
123158
123158
126283
123605
122713
121374
126728
121820
203479
133868
182060
196340
168673
264613
283801
319498
169120
13833
163319
89246
113788
110218
111557
113787
121373
107094
109771
110664
112003
110217
112896
109772
112003
111111
111110
110218
110218
112449
119589
108433
112003
115572
113342
97723
71396
109325
111111
110218
110664
111111
112003
110218
116019
108879
112003
107987
109326
154840
130745
146362
216420
149040
191878
155287
132083
126282
124944
145469
138777
148594
115127
116465
117804
116019
116911
120928
119143
115572
116465
117804
115573
117358
116019
116465
327977
151717
131190
137438
157071
129406
123158
123605
117803
111557
125836
124498
125390
141007
123605
127621
122266
125835
124943
135653
158857
82552
277106
277553
278891
297633
202141
136099
102186
147255
128067
126728
120035
192324
181614
219544
99954
115126
110664
115573
112449
112449
111111
111556
112449
109772
114681
110218
119142
140115
109326
114234
108433
115573
123605
126282
119143
119589
123159
121374
124944
122266
116465
82998
101740
109326
111111
111556
112895
104863
112895
110218
108879
112003
108433
62025
57563
60241
61133
58010
64703
63811
62918
61133
44622
73628
74073
73628
108879
111557
111110
111110
113787
108880
110665
112450
111110
115573
112450
162872
134314
140561
183845
7858050
91477
130744
129405
132529
159303
147255
131637
124944
124498
161980
124051
119589
124051
108879
115126
118697
118250
115573
118697
118250
117804
116911
118696
116912
229361
122712
139222
122712
123159
119589
122712
119588
119143
117803
116912
116019
137438
120482
176259
134761
133421
192769
396695
91922
73627
68273
68272
71396
63364
49085
78536
76304
77197
107540
109772
107541
108880
109326
6547482
120035
123605
120035
115573
116912
116912
114680
116465
120035
116019
114234
115126
116911
112895
116019
116465
116912
118250
143239
121820
119142
118250
116912
118696
116465
115126
116465
115572
114680
116912
109772
182060
128960
117804
215082
174921
121820
151717
113342
128960
122713
116465
143239
123158
120035
124497
124498
111557
106202
109771
107541
108433
107541
108433
110664
106649
109326
107540
108433
108879
107987
109326
107095
109772
105756
105756
109771
109772
108879
107540
107987
142346
174921
103971
109772
110664
108879
110218
110664
107094
109771
108879
107541
109772
108433
109325
105756
107986
133422
127621
122713
186076
184292
238285
145023
127175
182061
131191
136992
131191
129405
132083
152163
112449
116019
116466
112449
115127
114234
115572
115572
114234
114680
112895
114680
115572
113787
114234
114681
115573
111110
112896
115127
114234
113787
115126
113788
114234
113788
115127
114234
112896
115572
114680
113341
114234
117358
114680
111556
116911
114681
114680
112895
114234
118696
213742
119143
131191
156626
142792
124497
136099
126282
130745
132530
138777
120035
115126
116465
114680
114234
151717
103078
118250
195447
185184
177152
159749
137438
113342
111110
237839
358320
303434
122266
118696
114680
115127
117358
187415
120482
116465
115127
118696
118696
118696
121820
119142
120482
113788
119142
116019
118696
116465
116466
116465
115573
118250
118250
118250
120035
112003
119588
113788
117804
116465
119589
87460
121820
132084
75412
148147
253457
117804
115573
116465
115573
113787
113788
115572
112449
111556
123159
113342
127621
116465
116019
116466
110665
145470
133421
128067
120035
116911
117804
120481
118250
116465
120035
141007
128960
135207
124497
117357
117804
117358
120035
121373
115126
117358
116465
118250
117358
113788
113788
116018
117803
116019
118250
127621
68719
65595
62472
64257
64703
64256
62025
63364
65149
41945
79429
138776
83445
106202
171797
174921
6646098
66934
115573
111556
113788
112896
113342
112896
113342
113342
112003
110664
114680
112895
112003
112449
114234
112003
112003
123604
108879
112449
112003
112896
112449
189646
112002
116019
118696
114680
116465
149932
136099
126282
121820
145024
68272
242301
128513
116019
116465
155733
158410
139223
116019
117804
274876
302095
406067
172689
135207
137884
120035
122712
126282
120035
119589
122266
123158
111110
114234
113342
109326
114234
112003
130744
182061
107094
112002
111111
115127
113342
115126
181615
115127
121820
114680
116911
117358
115126
117804
116912
118697
115127
114680
112895
135206
112895
114680
118696
115572
61133
117357
115573
116912
116019
116019
101740
125836
124497
207495
211512
186969
149040
115573
145024
132530
132529
130298
135207
135206
129405
115573
118250
60687
109325
132976
126282
138777
138330
111557
113342
66934
64703
60687
61133
62918
47300
70503
73181
71842
87015
107540
111110
111556
113787
184291
103078
112895
113342
113788
112003
103078
111557
110665
112003
111111
112003
111111
109326
222221
178937
261042
380186
354304
274875
162873
173136
138330
148147
135653
139222
124497
119143
123158
119143
119589
121374
120035
119142
121820
118250
120928
116465
123158
117357
129406
118250
161534
124051
120481
120035
120035
115573
122266
118250
123158
116912
118697
126282
117358
149485
120035
160642
120035
116911
120927
117804
119589
454258
236947
266397
224452
247209
159749
159303
210173
117357
195447
137438
110218
115573
115573
112895
112895
111557
45069
116019
112450
112895
113341
107987
111111
113342
111557
109772
112449
110665
112895
110218
111110
118697
110218
107987
112896
113787
110218
112449
111111
107986
112003
111110
112896
112895
114681
111556
111556
110665
112895
173582
102633
116465
111557
111110
112895
110665
108433
111110
110664
109326
110218
109326
246317
132529
116019
112003
102186
107987
116912
110665
122266
126282
144578
145024
141454
159749
141900
101740
122712
119588
120035
100401
121373
123159
120928
140561
106202
303434
124497
114234
110218
114234
112449
114234
109325
112449
112895
111111
105756
112895
82106
111110
122712
110218
120481
112449
122267
136991
114681
136991
120481
161534
82998
109326
107095
103525
107541
107540
103525
108433
103971
104863
106202
104417
105755
104417
105756
103971
122712
105756
103078
104863
102632
106201
104417
104417
107094
105756
103525
104417
105756
106202
101293
104417
106202
105310
103971
106202
105756
103971
106202
106202
156625
104417
105756
105310
104863
108433
114234
116465
142793
187415
193216
116019
148594
162873
121820
108433
114681
112003
113788
113788
113787
129852
104863
106202
105310
103078
105755
104417
103078
186969
283801
107541
115126
118250
113787
114234
112896
294510
116019
421238
183845
170459
168228
167335
103524
199017
84783
111557
209280
191432
177598
141007
56224
139223
127175
124944
118696
126728
139222
121820
101740
111110
110218
148147
115127
107094
112895
119143
134314
109325
102186
107095
109772
115573
56224
65596
98616
120481
102186
102632
102185
102186
101740
104417
100401
101740
104864
6237801
70058
105309
103525
103524
102632
102632
102632
102186
102632
102186
102186
103078
136099
113342
127174
232484
225344
189646
178937
149039
114680
122266
118696
123159
117357
120034
122266
137884
107540
109772
106202
106648
109325
107987
108879
107987
107987
107986
108433
107540
202587
106202
108879
110218
106202
107095
109772
109772
105310
109325
107540
107540
107541
107987
108879
107094
107540
109326
106648
107540
110218
104417
107095
109326
107094
106648
109326
107541
108433
107540
108879
109326
106648
108879
108880
7109728
32129
104417
94600
118250
103525
102632
100401
104417
102186
102632
124051
95939
97724
101294
100847
103524
148594
100847
103524
103078
101740
103971
103971
101293
102185
101293
103525
106202
103971
103971
100401
101293
99955
101294
103078
103971
102186
100401
102632
102186
102632
103525
101740
103525
101293
101293
103524
8191827
50870
104863
102632
100401
104417
103078
101739
115127
150379
154394
146362
349842
460060
250780
73627
66934
61580
58010
63811
58456
66488
85230
112003
114680
116019
127175
113342
107094
113341
120035
107540
109326
128960
65150
69611
70503
68273
70950
70950
132976
233823
244532
125390
120928
121820
116465
116018
183845
336008
285139
278892
278892
193216
112895
112895
108433
108879
109772
106648
107987
110217
108879
106202
109326
108880
107541
107986
108433
109326
108434
108879
110664
106648
109772
109325
107540
107541
109326
107987
106201
110218
107094
107540
107987
107987
110218
107094
107094
110664
105310
100847
109325
108433
106202
110218
107987
107541
109772
109325
111110
106649
108433
109772
105310
108880
113342
185631
95938
113787
108880
106648
110218
107987
107541
108879
107987
110218
107987
155287
81659
12049
11155
11602
7586
78982
97724
103525
103971
106202
104863
105309
105309
104863
106648
103525
104864
106202
105309
104863
106202
105756
103525
106201
104417
105755
105309
105310
103971
104864
111557
106202
105309
103971
105755
105310
105309
107094
105309
103525
106202
106202
103524
105309
104417
105755
103078
103971
106648
104417
103971
105756
105310
103079
105756
104863
105310
112895
7422087
63364
107094
106648
107986
105310
104418
107095
105756
103971
106648
105756
107541
105756
105756
105756
166442
103525
105755
106648
106202
106201
105756
103524
108433
105755
104417
106648
105756
105309
106648
105756
104863
106201
103524
105756
107094
95046
105755
103079
100847
105756
104863
106202
105755
103971
102633
105309
104863
105310
107095
104417
105309
107540
120481
125390
112895
179383
185630
185630
105309
112003
124944
112895
112003
112450
116465
112896
114234
114681
141900
153948
101294
107094
106202
107540
106648
105755
106649
104417
105310
106202
105756
104863
107094
103525
107541
104863
106202
104863
104417
105309
106201
104863
136099
109325
107540
108433
107095
104863
106648
95939
86122
112003
111556
110664
110218
108879
112003
109772
109326
110218
73628
8924
119589
228468
167781
188754
142347
131191
119143
120482
113342
119589
113787
117804
111557
127175
105309
106648
92369
104863
107094
107094
104864
107541
107094
106202
105309
99062
105755
104863
105756
164658
113788
114234
122712
112450
114234
114234
109326
108879
111111
113787
109325
110665
108880
111110
108433
110218
111556
108880
110218
111557
109772
108433
111111
110218
110218
160642
127621
112895
109771
110218
111111
109326
107987
111556
114680
112003
112449
105756
111557
111557
149040
334670
220435
199017
193662
107095
104417
7167738
74519
106202
108433
97724
104417
107094
106648
103971
105310
104864
105756
104863
105309
107094
103525
103971
124051
107094
98170
106202
104863
103079
106649
104417
105309
105756
102186
107095
103970
105309
106648
111557
104863
105756
105309
103971
106648
105756
104417
107095
104863
106202
105309
104863
106648
103971
104863
106649
105309
104417
105309
104863
104417
107094
105310
104864
104863
105310
105756
104864
106202
106649
105309
146363
124943
108879
164658
192324
172244
158410
111556
103971
205265
195448
94600
109326
106649
107095
107541
106202
104417
107095
106202
103525
107540
104864
105756
105310
114680
106648
106648
105756
157964
116911
109326
109772
105755
105310
107987
105309
107540
106202
104863
105309
104863
105310
105310
106202
105309
105756
104863
103971
105755
105309
103525
105756
106202
46408
